CHR	POS	A1	A2	FRQ	BETA	SE	P
X   393109  T   C   0.512	0.131	0.25	0.029
1	10054	C	CT	0.2313	0.002	0.23	0.3121
1	10054	CT	C	0.1213	0.042	0.12	0.0031
Y   10002   T   A   0.614	0.28	0.095	0.421
1	10054	T	A	0.165	0.011	0.63	0.0259
1	10054	T	C	0.151	0.023	0.02	0.0121
2	48543917	A	G	0.4673	0.0045	0.0088	0.6101
5	87461867	A	G	0.7151	0.0166	0.0096	0.08397
14	98165673	T	C	0.1222	-0.0325	0.014	0.02035
12	104289454	T	C	0.534	0.0085	0.0088	0.3322
11	26254654	T	C	0.0765	0.0338	0.0167	0.04256
4	163471758	T	C	0.612	0.0119	0.0094	0.2057
8	59170042	A	T	0.0143	0.0108	0.0433	0.8027
15	40251932	A	G	0.7552	-0.0122	0.0103	0.2335
10	117682888	T	C	0.1012	0.0041	0.0148	0.7803
4	19893640	A	T	0.6154	0.008	0.0093	0.3921
2	139980938	C	G	0.9045	-0.0208	0.015	0.1648
7	149416873	T	C	0.1024	-0.0043	0.0148	0.7715
17	77174802	T	C	0.0206	0.0652	0.0364	0.0728
4	172455990	T	C	0.4097	-0.0028	0.0095	0.7676
6	3055051	T	C	0.2835	0.011	0.0096	0.2535
4	189027468	C	G	0.319	-0.0113	0.0102	0.2707
16	55248444	A	G	0.9843	-0.0387	0.0352	0.2717
8	2596341	T	C	0.5877	0.0106	0.0088	0.2306
12	20430987	A	G	0.1316	-0.0053	0.0133	0.6908
11	39417373	A	C	0.1266	-0.0121	0.014	0.3892
13	51829818	C	G	0.0957	0.0325	0.0149	0.02955
7	9346188	T	G	0.9793	-0.0087	0.0327	0.7901
5	4262288	T	G	0.0221	0.0612	0.0344	0.07554
5	133081344	T	C	0.8455	-1e-04	0.0125	0.9964
10	80356641	A	C	0.4682	0.0301	0.0088	0.0006321
4	125838456	T	G	0.2088	0.0018	0.011	0.8725
9	3372608	T	C	0.8916	0.0036	0.0144	0.8016
5	1222843	T	C	0.9748	-0.0177	0.0351	0.6142
7	71888523	A	G	0.9755	0.0976	0.0388	0.01192
4	4508225	T	C	0.3188	0.0062	0.0115	0.5911
20	34491110	A	C	0.0722	-0.0229	0.0174	0.1874
1	196725631	A	C	0.5584	3e-04	0.0095	0.9765
10	28857374	A	G	0.9672	-0.0251	0.0252	0.3189
1	106972160	A	G	0.9504	0.007	0.0223	0.7535
5	53316626	A	G	0.3814	0.0103	0.0095	0.2753
4	38954516	T	C	0.7002	5e-04	0.0096	0.9576
9	27722540	A	T	0.085	-0.0021	0.0166	0.8994
15	97621305	T	G	0.7859	0.0074	0.0112	0.5065
1	238251017	T	C	0.0211	-0.0174	0.0312	0.5772
8	28124626	A	C	0.0624	0.004	0.0188	0.8334
9	88520203	T	C	0.0576	-0.0115	0.0192	0.5497
7	16830416	T	C	0.0282	-5e-04	0.0315	0.9879
1	192402326	C	G	0.6915	-0.0041	0.0104	0.695
3	30618207	T	C	0.7727	-0.0105	0.0109	0.3355
16	55160712	A	C	0.3727	-7e-04	0.0094	0.941
19	23172673	T	C	0.9814	-0.0457	0.0341	0.1812
4	132819521	T	C	0.0773	-0.0147	0.0246	0.5483
3	95974850	A	T	0.7808	0.0035	0.0109	0.7492
6	32369681	A	G	0.2224	-0.02	0.0111	0.06993
6	142046505	T	G	0.7169	0.0122	0.0136	0.3717
13	100076460	T	C	0.0232	0.0228	0.0297	0.4424
14	41037910	T	C	0.2029	-0.0046	0.011	0.6761
16	81385122	A	G	0.1113	0.0197	0.0142	0.1668
7	105298952	A	C	0.046	0.0252	0.0226	0.2659
7	51905972	C	G	0.9899	0.0148	0.0462	0.7494
2	203626837	T	C	0.2398	-0.0084	0.0103	0.4128
2	238877462	A	C	0.9639	-0.0037	0.0255	0.8834
2	23370317	T	C	0.2488	0.0062	0.0102	0.5442
1	52469114	A	G	0.8671	-0.0095	0.0135	0.479
11	106103115	T	C	0.0196	0.0377	0.0318	0.2355
7	1527255	T	C	0.7612	-0.0174	0.0109	0.1105
1	225875917	A	G	0.1505	0.0175	0.0126	0.167
10	25669056	A	G	0.0132	0.0475	0.0384	0.2155
8	90740392	A	T	0.7747	-0.0184	0.0104	0.07794
2	198929806	T	C	0.2868	0.0379	0.0096	8.165e-05
8	144769697	A	G	0.7273	0.018	0.0102	0.07628
2	181034008	A	C	0.899	0.0033	0.0145	0.8207
2	77881413	A	T	0.7436	-0.0138	0.0113	0.2222
1	157088386	A	C	0.5356	-0.0037	0.0094	0.6898
15	63189603	T	C	0.0305	0.0143	0.0296	0.6299
19	10354232	A	G	0.385	-0.0044	0.0101	0.6645
13	101514149	T	C	0.505	0.007	0.0103	0.4936
12	15135231	T	C	0.4127	0.0144	0.0088	0.1025
10	102069074	A	C	0.8552	0.0115	0.0127	0.3665
15	84537135	T	G	0.9344	0.0268	0.0196	0.1721
3	187501361	T	C	0.9563	-0.0019	0.0224	0.9339
19	20720362	A	G	0.1138	-0.0034	0.0147	0.8155
7	120054886	A	G	0.9788	-0.0481	0.04	0.2291
11	94717474	A	C	0.3392	-0.0247	0.0094	0.008784
14	21565149	C	G	0.0406	0.0191	0.0242	0.4307
16	87235256	T	C	0.0235	-0.0043	0.0318	0.8921
19	54329157	T	C	0.6668	0.0035	0.0109	0.7508
16	86786715	A	G	0.9705	-0.0746	0.0351	0.03343
8	87881837	T	C	0.604	-0.0076	0.0093	0.4186
4	183803699	T	C	0.1449	0.013	0.014	0.3508
10	132096167	A	G	0.1353	0.0088	0.0128	0.4927
2	105941813	T	C	0.0157	0.0105	0.0355	0.7675
4	95562682	A	C	0.399	-0.0141	0.0088	0.1102
9	13926795	C	G	0.9316	0.0166	0.0181	0.3579
1	247694688	A	G	0.9178	-0.0026	0.0159	0.8707
2	102280435	A	G	0.396	-0.0016	0.0096	0.8707
12	42403482	A	G	0.0689	0.0261	0.0176	0.1387
8	12750586	T	C	0.501	-0.0149	0.0088	0.09164
8	14692938	T	C	0.0258	-0.0205	0.0288	0.4756
9	20969148	T	C	0.5433	0.0158	0.0088	0.07203
13	82157110	T	G	0.6437	4e-04	0.0094	0.9623
2	190093904	A	G	0.0436	0.0609	0.0215	0.004633
3	5569543	A	G	0.4498	-0.0142	0.0103	0.1686
2	38336145	A	G	0.0309	0.0359	0.0257	0.1619
4	153968616	A	C	0.9593	0.0184	0.0231	0.4258
3	11961858	T	C	0.4185	0.0127	0.0088	0.1485
7	49565914	T	C	0.7112	0.0119	0.0096	0.2177
2	176324029	A	G	0.8344	-0.017	0.0118	0.1502
16	72732807	A	G	0.6043	0.003	0.0088	0.7334
8	91353293	A	G	0.26	-0.0107	0.0102	0.2957
4	144869857	C	G	0.0858	0.0174	0.0215	0.4186
16	19977734	A	G	0.0164	0.0103	0.0573	0.8568
1	188443600	A	G	0.2578	0.0069	0.0103	0.4982
3	125305387	T	C	0.0805	0.0086	0.0173	0.6201
3	85992833	A	T	0.5412	0.0069	0.0093	0.4604
7	43580897	T	C	0.9855	-0.0307	0.0497	0.537
7	1692190	T	C	0.3783	7e-04	0.0096	0.9386
5	80119558	T	C	0.2391	-0.0075	0.0103	0.4654
2	138337104	A	G	0.0208	0.1	0.0324	0.002048
5	52275835	A	T	0.1012	0.0388	0.0144	0.007177
6	58315611	T	C	0.6503	0.0134	0.0113	0.2352
7	81354342	A	T	0.9793	-0.0158	0.0393	0.688
17	45586302	A	G	0.9774	0.0349	0.0318	0.2723
12	62833707	T	C	0.3145	-0.0065	0.0095	0.4961
14	47848089	A	G	0.3937	0.02	0.0094	0.03257
20	8556498	A	T	0.6216	0.0076	0.0096	0.4291
13	89916191	A	G	0.8053	0.0013	0.0111	0.9032
10	69239809	A	G	0.386	0.0043	0.0093	0.6463
2	79281216	T	C	0.1973	-0.0109	0.0111	0.3272
9	12587095	T	G	0.9834	0.1247	0.0568	0.02831
5	79641660	C	G	0.1318	0.006	0.0141	0.6703
14	74324663	T	C	0.1641	-0.0038	0.0119	0.7513
21	37194570	T	C	0.2892	-0.0056	0.0103	0.5835
4	166525788	A	T	0.2867	-0.0195	0.0096	0.04206
2	79242110	T	C	0.6804	0.0073	0.0094	0.435
2	184199820	A	G	0.2211	-0.0132	0.012	0.2718
11	26401468	A	G	0.7444	0.0018	0.0103	0.8611
4	120586135	A	G	0.9101	-0.0185	0.0155	0.2318
3	45528423	T	C	0.7843	-0.0189	0.011	0.08505
6	85862261	A	G	0.4711	0.0035	0.0088	0.6867
7	77762980	T	C	0.0884	0.0356	0.0158	0.0242
6	101744172	A	G	0.0129	-0.02	0.0624	0.749
14	105642635	A	C	0.9033	0.0066	0.0151	0.6629
6	166899759	T	C	0.3751	0.0148	0.0094	0.1167
18	5946079	T	G	0.4553	-0.002	0.0088	0.817
7	88897830	T	G	0.0605	-1e-04	0.0184	0.9951
6	75715585	A	G	0.9807	-0.081	0.0381	0.03341
18	12228837	T	G	0.0482	-0.0398	0.0349	0.2542
5	6272266	T	C	0.1648	-0.0185	0.0132	0.1631
2	218985301	A	G	0.0445	0.021	0.0246	0.3918
12	88405800	A	G	0.9389	0.0106	0.0194	0.5853
17	39269075	T	C	0.1717	-0.0084	0.0119	0.4793
3	51141024	A	T	0.3134	-1e-04	0.0096	0.9933
16	80233515	C	G	0.1015	0.0065	0.0149	0.6625
15	90922038	T	C	0.8069	0.0019	0.0116	0.8669
1	95547928	A	G	0.1676	0.0139	0.0119	0.2425
19	28855081	T	C	0.0798	0.016	0.0198	0.4187
22	45954805	T	C	0.5221	-9e-04	0.0094	0.9219
16	54498945	A	G	0.1255	-0.0064	0.0136	0.6397
12	38441809	T	C	0.1033	0.005	0.015	0.7379
2	142080349	T	C	0.9508	-0.0271	0.0215	0.2076
16	56433534	A	G	0.3839	-0.0205	0.0093	0.02785
16	74179031	A	G	0.3333	-0.0131	0.0095	0.1673
12	87440088	T	C	0.0471	-0.0455	0.0213	0.03291
2	56173907	A	T	0.2706	0.0033	0.0103	0.7451
3	155348514	T	G	0.6401	-0.0111	0.0094	0.2419
3	184242123	T	G	0.1252	0.0268	0.0146	0.06634
10	61208291	C	G	0.5008	-0.0087	0.0088	0.3252
1	74426696	C	G	0.8885	-0.0124	0.0148	0.4022
3	112251775	T	C	0.5643	-0.0049	0.0088	0.5804
4	20948671	T	C	0.0572	0.0081	0.0191	0.6731
6	90246737	T	C	0.4603	0.0027	0.0088	0.7619
7	80144767	A	G	0.0177	0.0263	0.0339	0.4378
12	27747586	T	C	0.9125	0.0178	0.018	0.3223
10	81750933	T	C	0.9723	0.0224	0.0274	0.4141
7	38961943	A	G	0.4402	0.0201	0.0094	0.03288
19	23063726	A	C	0.8145	-0.0202	0.0112	0.0711
16	8611992	A	G	0.2138	0.0056	0.0123	0.651
12	51705618	T	C	0.2386	-0.0087	0.0104	0.4027
10	132670478	A	T	0.6002	-8e-04	0.0093	0.9283
6	92327446	T	G	0.8596	0.007	0.0127	0.5782
10	19481974	T	C	0.0123	0.0539	0.0414	0.1932
4	182551294	T	G	0.2573	-0.0136	0.0103	0.1857
8	58005371	A	C	0.4553	7e-04	0.0102	0.9417
3	185107288	A	G	0.9268	-0.0015	0.0188	0.9371
4	142492219	T	C	0.1511	-0.0223	0.0125	0.07438
4	116993762	T	C	0.3122	-0.0144	0.0095	0.131
11	65948648	T	C	0.7633	-0.0342	0.0102	0.0008119
2	82380755	A	G	0.3086	0.001	0.0095	0.9152
2	82298386	A	G	0.2538	0.0053	0.0103	0.6051
10	9020234	T	C	0.2019	0.0055	0.0112	0.6198
1	94222858	A	C	0.2593	0.0053	0.0102	0.6026
10	112555493	A	T	0.0593	0.0138	0.019	0.4668
9	1726699	A	G	0.8789	0.0075	0.0134	0.5748
19	54705912	C	G	0.5842	-0.002	0.0088	0.8225
1	240646941	T	C	0.185	0.0041	0.0118	0.7278
6	6038546	A	G	0.4122	0.0057	0.0088	0.5206
1	91711095	A	G	0.2365	0.0042	0.0104	0.6853
14	50658818	T	C	0.0239	0.0028	0.0302	0.9263
6	49027916	A	G	0.567	-9e-04	0.0088	0.9162
21	31725197	C	G	0.766	5e-04	0.0109	0.9601
10	81895031	A	G	0.2978	-0.0073	0.0104	0.4836
5	129524949	T	C	0.7877	0.0029	0.011	0.7946
15	66361137	A	C	0.0172	-0.0206	0.039	0.5974
1	39372590	A	G	0.2749	0.0053	0.0102	0.6057
3	77530637	T	C	0.4532	6e-04	0.0088	0.9442
3	125635053	T	C	0.0222	0.0073	0.0459	0.874
17	39278740	T	C	0.1707	-0.0089	0.0119	0.4566
12	6528959	A	G	0.0461	-0.0451	0.0272	0.09788
6	12864134	T	C	0.7509	-0.0047	0.0102	0.6441
1	64457650	T	C	0.9692	-0.0294	0.0256	0.2517
2	240816109	A	C	0.5847	-0.01	0.0133	0.4531
11	24414558	A	G	0.0652	0.0107	0.0186	0.5651
9	23666652	A	G	0.7125	0.0043	0.0096	0.6544
7	146886029	T	G	0.6728	-0.0117	0.0094	0.217
1	12854488	A	G	0.0148	-0.0641	0.0528	0.2249
11	133658925	T	C	0.1685	0	0.0119	0.9986
6	40907124	T	C	0.0488	-0.0289	0.0208	0.1631
3	180846831	C	G	0.9322	-0.0218	0.0175	0.212
3	99275459	A	G	0.7953	0.0045	0.011	0.6837
3	21514152	T	G	0.8062	-0.0228	0.0111	0.03951
5	27572971	T	G	0.9238	7e-04	0.0172	0.9676
2	27684734	A	G	0.8819	-0.0315	0.0135	0.01983
4	12421862	T	C	0.0514	0.0097	0.0198	0.6243
2	242667893	T	G	0.5217	0.0151	0.0117	0.1954
10	44454557	T	C	0.1589	-0.0124	0.012	0.3018
2	36568326	C	G	0.9722	0.0111	0.0278	0.6891
21	20969107	T	C	0.4094	-0.0092	0.0089	0.3008
21	28821061	T	G	0.0769	-0.0328	0.0169	0.05274
12	24032834	T	C	0.7947	0.0344	0.0111	0.001925
13	75924668	C	G	0.1454	0.0219	0.0135	0.1066
11	73379276	A	G	0.8521	0.0236	0.0124	0.05752
3	46677519	A	G	0.5742	-0.0152	0.0088	0.08374
4	84937718	A	C	0.9836	-0.0218	0.0354	0.5383
11	103516359	A	G	0.1083	-0.0078	0.0142	0.5849
3	27556897	T	G	0.0314	-0.0165	0.0262	0.5287
3	180551214	T	C	0.9315	-0.0203	0.0175	0.2469
18	12012467	A	C	0.5005	-0.0034	0.0088	0.6983
12	52851650	C	G	0.6235	-0.0022	0.0093	0.812
8	46857441	A	G	0.6526	-0.0302	0.0172	0.07954
4	70480136	T	C	0.19	0.0143	0.0112	0.2028
16	11585255	A	G	0.7589	-0.0197	0.0105	0.05996
4	6327857	A	C	0.0222	-0.0581	0.0387	0.1337
13	99464351	A	T	0.1101	-0.0314	0.0142	0.02716
11	35318402	T	C	0.3175	0.0206	0.0095	0.0312
2	140781752	T	C	0.8217	-0.0038	0.0117	0.7447
13	108544020	T	C	0.6985	0.0095	0.0095	0.3174
11	69609013	A	G	0.4037	0.0082	0.0088	0.3518
2	43627715	A	T	0.9681	0.0113	0.0257	0.6589
6	54254123	T	C	0.0321	0.0042	0.025	0.8651
6	2845099	T	C	0.771	0.0169	0.011	0.1231
17	76435448	T	C	0.836	-0.0011	0.013	0.9348
12	59455581	T	C	0.9731	-0.0324	0.0276	0.2406
20	24187784	T	C	0.5079	-0.0203	0.0089	0.02185
4	130958226	A	G	0.0638	0.014	0.0184	0.448
14	38653995	T	C	0.9228	-0.0113	0.0168	0.5005
3	194235858	A	G	0.4991	-0.0122	0.0089	0.1696
8	88570976	T	C	0.1391	0.0012	0.0127	0.9262
3	119374624	T	C	0.334	0.0087	0.0095	0.3603
13	91452944	T	G	0.7931	0.0017	0.011	0.8764
5	45126083	C	G	0.1312	-8e-04	0.0135	0.95
8	4385561	C	G	0.0191	0.0252	0.0331	0.4457
3	66597863	T	C	0.9492	-0.0515	0.0217	0.01775
14	46470323	T	C	0.815	0.0098	0.0112	0.3844
4	166288922	A	T	0.8664	0.0025	0.0133	0.8516
20	49296578	A	G	0.3389	-4e-04	0.0095	0.9682
1	111792537	T	C	0.2649	-0.0073	0.0102	0.4725
17	14298812	T	C	0.1472	0.0149	0.0174	0.3905
1	163311250	A	G	0.0287	-0.0026	0.0265	0.9219
9	134553535	A	G	0.1393	0.0044	0.0131	0.7349
16	59720176	A	G	0.608	-5e-04	0.0094	0.9596
15	62889367	C	G	0.3438	-0.0194	0.0095	0.04128
8	9418519	A	G	0.5961	-0.0229	0.0094	0.01482
1	204233454	A	G	0.4328	-0.0082	0.0093	0.3779
2	206922873	A	G	0.2929	0.0041	0.0096	0.6705
7	152395453	C	G	0.6723	0.0066	0.0104	0.526
19	55061591	A	T	0.3858	-0.0043	0.0125	0.7322
6	125263521	A	C	0.0268	-0.0081	0.0334	0.8092
4	156068198	A	G	0.9475	0.0141	0.0254	0.5784
3	114342413	A	G	0.2158	-0.0146	0.0119	0.2203
9	72135977	T	G	0.9611	-4e-04	0.0287	0.9896
2	7275292	A	G	0.9891	-0.0689	0.0599	0.2497
18	36516928	T	C	0.4671	-0.0193	0.0088	0.02822
7	123787070	A	G	0.9801	-0.0371	0.0392	0.3449
10	98856119	A	C	0.0348	0.0013	0.0306	0.9666
15	24813794	A	G	0.9887	-0.0072	0.0635	0.9098
12	108911542	A	G	0.9862	-0.0386	0.0383	0.3136
12	73331354	A	G	0.5165	-4e-04	0.0088	0.9626
7	85177968	A	G	0.834	0.0107	0.0124	0.39
11	23305224	A	T	0.5642	-0.0092	0.0088	0.2953
2	100941109	T	C	0.7641	-0.015	0.0104	0.1483
2	240229377	T	C	0.616	-0.0047	0.0093	0.609
5	74146085	C	G	0.1407	0.0082	0.0127	0.5205
15	43114304	T	C	0.6161	0.0248	0.0093	0.00787
4	179412006	C	G	0.9449	-0.0031	0.0208	0.8823
17	37359952	T	C	0.6973	0.0148	0.0097	0.1258
16	27895626	A	G	0.8418	-8e-04	0.0119	0.9475
11	58852154	A	G	0.6357	0.0033	0.0095	0.7287
7	151616517	T	C	0.9711	-0.0106	0.0269	0.694
9	117710673	T	C	0.2954	0.002	0.0109	0.8552
1	64070344	T	C	0.1485	0.0412	0.0128	0.00124
16	88568140	T	C	0.9132	-0.026	0.0202	0.1982
18	7120524	C	G	0.0499	0.0477	0.0313	0.128
5	135333171	T	G	0.8316	0.0036	0.0126	0.7765
4	178721830	T	C	0.0127	-0.0712	0.0539	0.1861
1	94306297	T	C	0.213	0.0035	0.011	0.7469
6	66073061	T	C	0.4311	0.0076	0.0088	0.389
4	166518050	A	G	0.4774	0.013	0.0088	0.1403
8	94909097	A	G	0.6666	0.0179	0.0097	0.06542
4	119908157	C	G	0.5797	-0.0165	0.0094	0.07977
8	70801553	A	C	0.8033	-0.016	0.0112	0.1523
13	72621097	A	C	0.3172	-0.0082	0.0095	0.3856
8	56231059	A	G	0.5743	-8e-04	0.0088	0.9296
9	23102090	T	C	0.9331	0.0027	0.0181	0.8814
10	62019322	A	C	0.052	0.0238	0.0198	0.2276
21	45349756	A	G	0.6635	0.0144	0.0094	0.1266
10	124290302	A	C	0.2237	0.0173	0.0112	0.1231
9	79851385	A	G	0.0241	7e-04	0.0289	0.981
7	110653047	A	G	0.0166	-0.0524	0.0354	0.1389
6	36243828	T	C	0.6026	-0.0044	0.0094	0.6435
9	11862345	A	T	0.9148	0.0018	0.0166	0.9158
8	70260729	C	G	0.5317	-0.0016	0.0088	0.8544
16	77398728	C	G	0.9536	0.0094	0.0215	0.6618
4	167417056	A	G	0.2325	0.0341	0.0104	0.001026
17	45001838	T	C	0.9899	-0.0562	0.0466	0.2282
1	237419517	T	C	0.788	0.011	0.0143	0.4425
19	46822455	A	G	0.0243	0.0358	0.0316	0.2575
13	23803627	A	C	0.1356	0.0097	0.0133	0.4657
10	121428828	A	G	0.356	-0.0023	0.0094	0.8072
22	34322022	T	C	0.9833	0.018	0.037	0.6264
19	57078645	T	C	0.4564	-0.0047	0.0088	0.5955
1	78973076	T	G	0.9606	0.0061	0.0234	0.7944
10	56748594	A	G	0.3108	0.0112	0.0095	0.2371
14	67486331	T	C	0.0524	0.0018	0.0231	0.9396
3	75404144	T	C	0.0476	-0.0108	0.0244	0.6593
5	30315065	T	C	0.9851	0.0246	0.0474	0.6036
11	41538625	A	C	0.7066	-0.0126	0.0096	0.1867
1	19157894	A	G	0.4822	-0.001	0.0088	0.9088
11	58369539	A	G	0.6189	0.0013	0.0096	0.8927
2	156057704	T	G	0.0112	0.0381	0.0595	0.5214
15	75740757	T	C	0.0989	0.0149	0.015	0.3205
2	119775055	A	T	0.6451	0.0095	0.011	0.3837
1	81647246	A	C	0.5892	0.0072	0.0088	0.4149
17	73778609	C	G	0.5227	0.0125	0.0088	0.1567
8	22534178	T	C	0.7769	-0.028	0.0104	0.006892
11	21864106	A	T	0.1831	-0.021	0.0117	0.07199
1	176565950	T	G	0.9822	-0.0147	0.0391	0.7061
1	165149578	A	T	0.8797	0.0157	0.0135	0.2471
18	11360099	T	C	0.9881	-0.0223	0.0699	0.7499
3	140289812	A	G	0.125	-0.0028	0.0136	0.8387
1	153003893	A	T	0.6032	0.006	0.0093	0.5183
10	55575155	A	C	0.9465	0.0145	0.02	0.4698
13	68389549	T	C	0.1907	-0.0082	0.0116	0.4834
19	52948083	T	C	0.6676	-0.0021	0.0094	0.8254
15	53189903	C	G	0.1704	0.0063	0.0124	0.6107
3	16705717	A	G	0.3506	-0.0248	0.0104	0.01668
5	152607414	A	C	0.0356	0.0505	0.0247	0.04098
2	190355918	A	T	0.988	-0.0042	0.0429	0.9212
12	108898481	A	C	0.0135	0.0343	0.039	0.3785
2	152614397	A	G	0.0616	0.006	0.0186	0.7472
12	33259346	T	C	0.2943	-0.0058	0.01	0.5669
3	185093813	T	C	0.9309	-0.0048	0.0182	0.7919
3	167088726	A	G	0.0469	0.0115	0.022	0.6022
1	54436645	T	C	0.9545	-0.0078	0.0211	0.7127
13	24656544	A	G	0.3774	-1e-04	0.0103	0.9954
4	166080503	A	G	0.9507	0.0349	0.0207	0.09195
7	3126109	A	C	0.044	-0.0238	0.0222	0.2832
1	233428827	A	G	0.9812	0.025	0.0499	0.6168
1	31951395	A	T	0.014	-0.061	0.043	0.1565
14	98959525	T	C	0.1248	0.0197	0.0135	0.145
12	111849515	T	G	0.8324	-0.0428	0.0137	0.001746
21	16152515	C	G	0.8551	-0.0049	0.0128	0.7047
11	35348267	A	T	0.9807	0.0862	0.0385	0.02511
19	17283890	A	G	0.1257	-0.009	0.0134	0.5039
2	21280254	A	G	0.9842	0.049	0.0404	0.2259
1	49463289	A	G	0.7574	0.0224	0.0103	0.0296
13	32718750	T	C	0.045	0.0291	0.0213	0.1711
17	34323071	A	C	0.1082	-0.002	0.0159	0.9017
1	197096135	T	C	0.3199	0.0178	0.0095	0.06046
14	92499099	T	C	0.0112	0.029	0.042	0.4899
4	137207218	T	C	0.8671	0.0013	0.0145	0.9263
8	139162153	A	G	0.7786	-0.0219	0.0104	0.03466
10	30293816	T	G	0.1946	-0.0149	0.0111	0.1799
14	48751612	A	G	0.1876	-0.0202	0.0112	0.07043
10	5722839	T	C	0.1141	-0.0105	0.0142	0.4618
15	66176709	A	G	0.9883	-0.0157	0.0472	0.7395
10	22936384	A	G	0.0249	-0.0455	0.0288	0.1148
10	25664471	A	G	0.1862	0.0029	0.0112	0.7931
4	178215263	A	G	0.5169	0.0268	0.0103	0.009202
2	78982559	T	C	0.9787	-0.0373	0.0313	0.2331
12	59831281	T	G	0.3571	-0.0077	0.0094	0.416
6	39037955	A	G	0.7707	-0.0272	0.0104	0.008954
6	93353188	T	C	0.3322	0.0067	0.0094	0.4764
21	32096128	A	G	0.6173	-0.0077	0.0093	0.4112
5	35573909	A	G	0.469	-0.0058	0.0093	0.5304
6	29956654	T	G	0.1619	0.0088	0.0126	0.4864
9	8120905	T	C	0.9464	0.0221	0.0197	0.2621
21	33667566	A	G	0.1779	-0.0012	0.0128	0.9283
16	71878255	A	G	0.9235	0.0291	0.0165	0.07909
15	66769365	T	C	0.0476	0.0036	0.0221	0.8691
3	13379452	A	G	0.3679	-0.0091	0.0094	0.3314
2	191585392	C	G	0.6768	-0.011	0.0095	0.2464
6	40768283	T	C	0.7006	-0.0142	0.01	0.1576
9	118561200	A	G	0.1169	0.0059	0.0142	0.6785
2	240732640	T	C	0.0537	0.0114	0.0204	0.5768
16	6008784	A	G	0.8852	0.0144	0.0158	0.3599
21	23351013	A	G	0.7984	-0.0111	0.0111	0.3182
6	104457607	T	C	0.1609	0.0068	0.0119	0.5678
11	21771128	T	G	0.6255	-0.0162	0.0094	0.08655
2	202952264	T	C	0.0124	-0.0524	0.0598	0.3807
19	20215982	A	G	0.5806	-0.0129	0.0106	0.2221
3	174385530	A	G	0.094	-0.0065	0.0157	0.6771
11	6873601	A	G	0.4808	0.0197	0.0094	0.03567
3	57206142	T	C	0.4502	-0.0108	0.0088	0.2207
6	117559287	T	C	0.9579	-0.0344	0.0238	0.1489
7	82051994	A	G	0.1277	0.0175	0.0134	0.1914
13	79057053	T	C	0.6849	0.0095	0.0101	0.3486
7	64253015	C	G	0.1463	-0.0127	0.0127	0.3163
10	94764660	T	G	0.9434	-0.0035	0.0189	0.8525
15	101590931	T	G	0.3816	0.0036	0.0094	0.7042
1	51174330	T	C	0.7902	0.0723	0.0113	1.38e-10
3	111968250	A	G	0.7673	0.0037	0.0104	0.7187
7	70186936	T	G	0.3104	-5e-04	0.0095	0.9561
7	7064416	A	G	0.7914	0.0099	0.0111	0.372
3	149400225	T	C	0.1038	-0.0106	0.0143	0.4569
2	168051141	A	G	0.3907	-0.008	0.0094	0.3929
18	73408013	A	C	0.0324	-0.022	0.0252	0.3824
15	31298352	T	C	0.9572	0.0013	0.0225	0.9554
13	88531796	T	G	0.9185	0.0393	0.0168	0.01923
9	10925464	T	C	0.8863	0.0044	0.0144	0.7613
11	26605331	T	C	0.6371	-0.0095	0.0094	0.3138
22	31269400	A	G	0.0248	-0.0433	0.0302	0.1523
1	74058566	A	G	0.7928	0.0053	0.011	0.627
1	168692018	A	G	0.0235	0.0365	0.029	0.2079
10	35671636	A	C	0.9836	-0.0694	0.0449	0.1222
15	54628168	A	C	0.0698	0.0145	0.0175	0.4064
6	57893376	A	T	0.1773	0.0179	0.0125	0.1514
6	48169722	A	G	0.2491	-0.0098	0.0102	0.3359
22	37679763	A	G	0.4052	0.0019	0.0088	0.8305
6	20734613	A	C	0.682	-0.0043	0.0094	0.6527
2	151858862	T	C	0.1923	-0.0149	0.0112	0.185
2	137972004	A	G	0.5598	-0.009	0.0088	0.3034
8	3325698	T	C	0.8539	0.0237	0.0127	0.06094
1	239431802	A	T	0.0637	9e-04	0.0182	0.9614
1	169133141	A	G	0.1007	-0.0101	0.015	0.5015
7	106427877	A	C	0.012	0.0447	0.0485	0.3567
12	59580815	A	C	0.029	0.0304	0.0268	0.2566
10	51974294	A	C	0.0437	0.0301	0.0371	0.4165
5	26862104	T	C	0.4238	-0.0066	0.0094	0.4826
12	8614652	A	G	0.9868	0.0458	0.0411	0.265
13	32213124	T	G	0.5999	9e-04	0.0094	0.9207
3	94537331	T	G	0.2594	0.0086	0.0103	0.3997
22	35470540	A	C	0.3003	-0.013	0.0095	0.1741
10	43439089	T	C	0.3225	0.017	0.0095	0.07454
5	147441964	T	C	0.1015	-0.0072	0.0149	0.629
2	189050971	A	G	0.0521	0.0247	0.0202	0.2214
12	102312658	T	C	0.0838	0.014	0.0159	0.3783
22	41229149	T	C	0.1177	0.0047	0.0136	0.7322
3	176589633	A	C	0.8879	-0.0035	0.0149	0.8136
7	12427230	T	G	0.5418	-0.0112	0.0088	0.2043
1	246102698	T	C	0.0266	0.0381	0.0297	0.1999
10	87948389	T	C	0.4749	-0.0039	0.0088	0.6613
5	156783543	A	G	0.2746	-0.0206	0.0101	0.04256
6	29832846	A	C	0.0529	0.0511	0.0198	0.009679
18	44710568	A	G	0.2767	-0.0187	0.0101	0.06325
11	34325251	A	G	0.4638	0.0053	0.0094	0.577
22	27894536	A	G	0.0941	-0.0162	0.0152	0.2863
1	174444552	T	G	0.5573	0.0076	0.0088	0.3891
12	74678508	T	C	0.0462	-5e-04	0.0214	0.9824
9	28934083	T	G	0.7153	0.0118	0.0096	0.223
7	76071412	A	G	0.1273	0.0051	0.0205	0.8052
6	41801645	T	C	0.0236	0.0372	0.0305	0.2219
12	44138445	A	G	0.9737	-0.0187	0.0277	0.4983
5	41999020	T	C	0.038	0.0043	0.0241	0.8577
7	103040930	A	G	0.2626	0.0159	0.0102	0.1203
6	142532509	T	C	0.8797	-0.0041	0.0135	0.7636
15	33909802	T	C	0.2279	0.0075	0.0127	0.5549
9	126548266	A	T	0.9377	-0.0136	0.0187	0.4686
2	40459645	T	C	0.8858	0.0096	0.0141	0.4982
2	36661958	C	G	0.9563	0.032	0.0264	0.2243
14	105570924	T	G	0.7928	-0.0124	0.0111	0.263
1	27696692	T	G	0.1211	0.0082	0.0142	0.5645
1	115694355	A	C	0.3779	-0.0047	0.0093	0.6139
7	140947786	C	G	0.1784	-0.0222	0.0118	0.05942
4	122675715	C	G	0.1158	0.0396	0.0137	0.003703
1	241364184	T	C	0.7932	-0.0013	0.011	0.9052
5	178425192	A	G	0.6018	0.0067	0.0094	0.4744
1	20478061	T	C	0.0498	-0.0111	0.0243	0.6496
3	61617647	C	G	0.0383	0	0.0244	0.9985
19	21740962	T	G	0.0247	-0.0378	0.0562	0.5013
1	236781332	C	G	0.0159	0.0427	0.0367	0.245
4	80636023	T	C	0.2686	0.0045	0.0102	0.6573
13	90969866	T	C	0.8741	0.014	0.0135	0.298
8	48089055	A	G	0.0606	-0.0117	0.0189	0.5356
4	174891668	T	C	0.0804	-0.0057	0.0171	0.7391
12	130314641	C	G	0.1559	-7e-04	0.0146	0.9632
7	6172163	T	G	0.0255	-0.0021	0.0283	0.9413
11	20516123	A	G	0.0173	-0.0466	0.0392	0.2344
17	68517174	A	C	0.4994	0.0085	0.0102	0.4057
